Model Name: PyTorchryan21713818075.730996
Score: 0.6800097790727843
F1 Score: 0.1619061478197083
Precision: 0.13600195581455685
Recall: 0.2
