Model Name: PyTorch
Score: 0.5869184348841736
F1 Score: 0.33880840655454414
Precision: 0.3917450788618709
Recall: 0.42194938461075504
Model Name: PyTorch
Score: 0.6863928362857699
F1 Score: 0.1628073415675863
Precision: 0.13730529595015578
Recall: 0.19994329458463284
